*Node
              31     31.0212E-03     26.1473E-03    
              32     31.1617E-03     26.7871E-03    
              33     31.2874E-03     27.4308E-03    
              34     31.3997E-03     28.0772E-03    
              35     31.4960E-03     28.7281E-03    
              36     31.5610E-03     29.2225E-03    
              37     31.6221E-03     29.7192E-03    
              38     31.6814E-03     30.2166E-03    
              39     31.7387E-03     30.7143E-03    
              40     31.7955E-03     31.2122E-03    
              41     31.8513E-03     31.7103E-03    
              42     31.9068E-03     32.2085E-03    
              43     31.9616E-03     32.7067E-03    
              44     32.0162E-03     33.2050E-03    
              45     32.0706E-03     33.7034E-03    
              46     32.1247E-03     34.2017E-03    
              47     32.1787E-03     34.7003E-03    
              48     32.2325E-03     35.1986E-03    
              49     32.2861E-03     35.6972E-03    
              50     32.3396E-03     36.1955E-03    
              51     32.3931E-03     36.6941E-03    
              52     32.4465E-03     37.1927E-03    
              53     32.4999E-03     37.6912E-03    
              54     32.5532E-03     38.1897E-03    
              55     32.6065E-03     38.6882E-03    
              56     32.6597E-03     39.1867E-03    
              57     32.7129E-03     39.6852E-03    
              58     32.7661E-03     40.1838E-03    
              59     32.8192E-03     40.6823E-03    
              60     32.8723E-03     41.1809E-03    
              61     32.9254E-03     41.6796E-03    
              62     32.9786E-03     42.1781E-03    
              63     33.0316E-03     42.6766E-03    
              64     33.0845E-03     43.1752E-03    
              65     33.1375E-03     43.6738E-03    
              66     33.1905E-03     44.1723E-03    
              67     33.2434E-03     44.6709E-03    
              68     33.2963E-03     45.1695E-03    
              69     33.3492E-03     45.6681E-03    
              70     33.4021E-03     46.1666E-03    
              71     33.4549E-03     46.6653E-03    
              72     33.5077E-03     47.1639E-03    
              73     33.5606E-03     47.6625E-03    
              74     33.6134E-03     48.1611E-03    
              75     33.6661E-03     48.6596E-03    
              76     33.7190E-03     49.1582E-03    
              77     33.7717E-03     49.6568E-03    
              78     33.8245E-03     50.1554E-03    
              79     33.8772E-03     50.6541E-03    
              80     33.9300E-03     51.1526E-03    
              81     33.9826E-03     51.6512E-03    
              82     34.0354E-03     52.1499E-03    
              83     34.0881E-03     52.6485E-03    
              84     34.1407E-03     53.1471E-03    
              85     34.1934E-03     53.6457E-03    
              86     34.2461E-03     54.1444E-03    
              87     34.2987E-03     54.6428E-03    
              88     34.3514E-03     55.1415E-03    
              89     34.4040E-03     55.6401E-03    
              90     34.4566E-03     56.1388E-03    
              91     34.5092E-03     56.6373E-03    
              92     34.5617E-03     57.1360E-03    
              93     34.6144E-03     57.6346E-03    
              94     34.6669E-03     58.1333E-03    
              95     34.7195E-03     58.6318E-03    
              96     34.7720E-03     59.1305E-03    
              97     34.8245E-03     59.6291E-03    
              98     34.8770E-03     60.1278E-03    
              99     34.9297E-03     60.6263E-03    
             100     34.9821E-03     61.1250E-03    
             101     35.0347E-03     61.6237E-03    
             102     35.0871E-03     62.1222E-03    
             103     35.1396E-03     62.6209E-03    
             104     35.1922E-03     63.1195E-03    
             105     35.2446E-03     63.6182E-03    
             106     35.2971E-03     64.1168E-03    
             107     35.3497E-03     64.6154E-03    
             108     35.4021E-03     65.1141E-03    
             109     35.4546E-03     65.6127E-03    
             110     35.5071E-03     66.1113E-03    
             111     35.5596E-03     66.6099E-03    
             112     35.6120E-03     67.1086E-03    
             113     35.6644E-03     67.6072E-03    
             114     35.7169E-03     68.1058E-03    
             115     35.7694E-03     68.6045E-03    
             116     35.8218E-03     69.1031E-03    
             117     35.8742E-03     69.6017E-03    
             118     35.9267E-03     70.1004E-03    
             119     35.9790E-03     70.5990E-03    
             120     36.0315E-03     71.0976E-03    
             121     36.0839E-03     71.5963E-03    
             122     36.1363E-03     72.0949E-03    
             123     36.1888E-03     72.5936E-03    
             124     36.2411E-03     73.0922E-03    
             125     36.2936E-03     73.5908E-03    
             126     36.3459E-03     74.0895E-03    
             127     36.3983E-03     74.5881E-03    
             128     36.4507E-03     75.0867E-03    
             129     36.5032E-03     75.5855E-03    
             130     36.5555E-03     76.0840E-03    
             131     36.6078E-03     76.5826E-03    
             132     36.6602E-03     77.0814E-03    
             133     36.7126E-03     77.5800E-03    
             134     36.7650E-03     78.0787E-03    
             135     36.8172E-03     78.5774E-03    
             136     36.8696E-03     79.0759E-03    
             137     36.9219E-03     79.5746E-03    
             138     36.9743E-03     80.0733E-03    
             139     37.0267E-03     80.5719E-03    
             140     37.0790E-03     81.0706E-03    
             141     37.1314E-03     81.5692E-03    
             142     37.1837E-03     82.0678E-03    
             143     37.2360E-03     82.5665E-03    
             144     37.2884E-03     83.0652E-03    
             145     37.3406E-03     83.5638E-03    
             146     37.3929E-03     84.0624E-03    
             147     37.4452E-03     84.5611E-03    
             148     37.4975E-03     85.0598E-03    
             149     37.5499E-03     85.5584E-03    
             150     37.6022E-03     86.0571E-03    
             151     37.6545E-03     86.5557E-03    
             152     37.7067E-03     87.0544E-03    
             153     37.7591E-03     87.5530E-03    
             154     37.8114E-03     88.0517E-03    
             155     37.8638E-03     88.5504E-03    
             156     37.9161E-03     89.0489E-03    
             157     37.9684E-03     89.5476E-03    
             158     38.0207E-03     90.0463E-03    
             159     38.0730E-03     90.5450E-03    
             160     38.1254E-03     91.0435E-03    
             161     38.1777E-03     91.5422E-03    
             162     38.2301E-03     92.0408E-03    
             163     38.2825E-03     92.5394E-03    
             164     38.3348E-03     93.0381E-03    
             165     38.3872E-03     93.5368E-03    
             166     38.4396E-03     94.0354E-03    
             167     38.4918E-03     94.5340E-03    
             168     38.5442E-03     95.0327E-03    
             169     38.5965E-03     95.5314E-03    
             170     38.6489E-03     96.0301E-03    
             171     38.7013E-03     96.5287E-03    
             172     38.7537E-03     97.0273E-03    
             173     38.8063E-03     97.5260E-03    
             174     38.8588E-03     98.0247E-03    
             175     38.9119E-03     98.5232E-03    
             176     38.9662E-03     99.0215E-03    
             177     39.0147E-03     99.5245E-03    
             204     39.1061E-03     100.000E-03    
             206     30.8662E-03     25.5115E-03    
             207     30.6965E-03     24.8800E-03    
             208     30.5128E-03     24.2532E-03    
             209     30.3148E-03     23.6315E-03    
             210     30.1026E-03     23.0153E-03    
             211     29.8766E-03     22.4049E-03    
             212     29.6367E-03     21.8006E-03    
             213     29.3830E-03     21.2031E-03    
             214     29.1158E-03     20.6122E-03    
             215     28.8356E-03     20.0283E-03    
             216     28.5422E-03     19.4522E-03    
             217     28.2360E-03     18.8837E-03    
             218     27.9177E-03     18.3231E-03    
             219     27.5868E-03     17.7713E-03    
             220     27.2435E-03     17.2280E-03    
             221     26.8888E-03     16.6932E-03    
             222     26.5225E-03     16.1678E-03    
             223     26.1452E-03     15.6516E-03    
             224     25.7574E-03     15.1447E-03    
             225     25.3583E-03     14.6485E-03    
             226     24.9483E-03     14.1621E-03    
             227     24.5289E-03     13.6843E-03    
             228     24.1009E-03     13.2163E-03    
             229     23.6642E-03     12.7588E-03    
             230     23.2183E-03     12.3120E-03    
             231     22.7631E-03     11.8765E-03    
             260     22.2984E-03     11.4525E-03    
             261     21.8254E-03     11.0375E-03    
             262     21.3465E-03     10.6305E-03    
             263     20.8624E-03     10.2349E-03    
             264     20.3695E-03     9.85248E-03    
             265     19.9336E-03     9.52950E-03    
             266     19.4929E-03     9.21305E-03    
             267     19.0458E-03     8.90790E-03    
             268     18.5945E-03     8.60629E-03    
             269     18.1405E-03     8.31178E-03    
             270     17.6834E-03     8.02377E-03    
             271     17.2230E-03     7.74385E-03    
             272     16.7587E-03     7.47212E-03    
             273     16.2904E-03     7.20880E-03    
             274     15.8180E-03     6.95466E-03    
             275     15.3416E-03     6.70901E-03    
             276     14.8613E-03     6.47074E-03    
             277     14.3776E-03     6.23935E-03    
             278     13.8914E-03     6.01535E-03    
             279     13.4023E-03     5.79852E-03    
             280     12.9106E-03     5.58870E-03    
             281     12.4165E-03     5.38645E-03    
             282     11.9197E-03     5.19142E-03    
             283     11.4205E-03     5.00359E-03    
             284     10.9193E-03     4.82388E-03    
             285     10.4155E-03     4.65172E-03    
             286     9.90918E-03     4.48667E-03    
             287     9.40120E-03     4.32956E-03    
             288     8.89089E-03     4.18003E-03    
             289     8.37859E-03     4.03810E-03    
             290     7.86457E-03     3.90413E-03    
             291     7.34877E-03     3.77829E-03    
             292     6.83125E-03     3.66081E-03    
             293     6.31233E-03     3.55225E-03    
             294     5.79174E-03     3.45306E-03    
             295     5.27016E-03     3.36374E-03    
             296     4.74776E-03     3.28514E-03    
             297     4.22516E-03     3.21804E-03    
             298     3.70357E-03     3.16426E-03    
             299     3.18313E-03     3.12525E-03    
             300     2.66412E-03     3.10230E-03    
             301     2.14816E-03     3.09485E-03    
             302     1.63483E-03     3.10350E-03    
             303     1.10455E-03     3.12100E-03    
             304     547.050E-06     3.13028E-03    
             305              0.     3.13064E-03    
             808     31.0914E-03     26.4672E-03    
             809     31.2246E-03     27.1090E-03    
             810     31.3435E-03     27.7540E-03    
             811     31.4479E-03     28.4027E-03    
             812     31.5285E-03     28.9753E-03    
             813     31.5915E-03     29.4708E-03    
             814     31.6518E-03     29.9679E-03    
             815     31.7101E-03     30.4655E-03    
             816     31.7671E-03     30.9632E-03    
             817     31.8234E-03     31.4613E-03    
             818     31.8790E-03     31.9594E-03    
             819     31.9342E-03     32.4576E-03    
             820     31.9889E-03     32.9559E-03    
             821     32.0434E-03     33.4542E-03    
             822     32.0976E-03     33.9525E-03    
             823     32.1517E-03     34.4510E-03    
             824     32.2056E-03     34.9495E-03    
             825     32.2593E-03     35.4479E-03    
             826     32.3129E-03     35.9464E-03    
             827     32.3664E-03     36.4448E-03    
             828     32.4198E-03     36.9434E-03    
             829     32.4732E-03     37.4420E-03    
             830     32.5265E-03     37.9405E-03    
             831     32.5799E-03     38.4389E-03    
             832     32.6331E-03     38.9374E-03    
             833     32.6863E-03     39.4359E-03    
             834     32.7395E-03     39.9345E-03    
             835     32.7927E-03     40.4330E-03    
             836     32.8458E-03     40.9316E-03    
             837     32.8989E-03     41.4302E-03    
             838     32.9520E-03     41.9289E-03    
             839     33.0051E-03     42.4273E-03    
             840     33.0581E-03     42.9259E-03    
             841     33.1110E-03     43.4245E-03    
             842     33.1640E-03     43.9231E-03    
             843     33.2169E-03     44.4216E-03    
             844     33.2698E-03     44.9202E-03    
             845     33.3228E-03     45.4188E-03    
             846     33.3757E-03     45.9174E-03    
             847     33.4285E-03     46.4160E-03    
             848     33.4813E-03     46.9146E-03    
             849     33.5342E-03     47.4132E-03    
             850     33.5870E-03     47.9118E-03    
             851     33.6398E-03     48.4103E-03    
             852     33.6925E-03     48.9089E-03    
             853     33.7453E-03     49.4075E-03    
             854     33.7981E-03     49.9061E-03    
             855     33.8508E-03     50.4047E-03    
             856     33.9036E-03     50.9034E-03    
             857     33.9563E-03     51.4019E-03    
             858     34.0090E-03     51.9006E-03    
             859     34.0617E-03     52.3992E-03    
             860     34.1144E-03     52.8978E-03    
             861     34.1671E-03     53.3964E-03    
             862     34.2197E-03     53.8950E-03    
             863     34.2724E-03     54.3936E-03    
             864     34.3250E-03     54.8921E-03    
             865     34.3777E-03     55.3908E-03    
             866     34.4303E-03     55.8895E-03    
             867     34.4829E-03     56.3881E-03    
             868     34.5354E-03     56.8867E-03    
             869     34.5881E-03     57.3853E-03    
             870     34.6407E-03     57.8840E-03    
             871     34.6932E-03     58.3825E-03    
             872     34.7457E-03     58.8811E-03    
             873     34.7982E-03     59.3798E-03    
             874     34.8508E-03     59.8784E-03    
             875     34.9034E-03     60.3771E-03    
             876     34.9559E-03     60.8757E-03    
             877     35.0084E-03     61.3744E-03    
             878     35.0609E-03     61.8730E-03    
             879     35.1133E-03     62.3715E-03    
             880     35.1659E-03     62.8702E-03    
             881     35.2184E-03     63.3688E-03    
             882     35.2709E-03     63.8675E-03    
             883     35.3234E-03     64.3661E-03    
             884     35.3759E-03     64.8647E-03    
             885     35.4283E-03     65.3634E-03    
             886     35.4808E-03     65.8620E-03    
             887     35.5333E-03     66.3606E-03    
             888     35.5858E-03     66.8593E-03    
             889     35.6382E-03     67.3579E-03    
             890     35.6907E-03     67.8565E-03    
             891     35.7432E-03     68.3552E-03    
             892     35.7956E-03     68.8538E-03    
             893     35.8480E-03     69.3524E-03    
             894     35.9005E-03     69.8510E-03    
             895     35.9529E-03     70.3497E-03    
             896     36.0053E-03     70.8483E-03    
             897     36.0577E-03     71.3470E-03    
             898     36.1101E-03     71.8456E-03    
             899     36.1626E-03     72.3443E-03    
             900     36.2150E-03     72.8429E-03    
             901     36.2674E-03     73.3415E-03    
             902     36.3198E-03     73.8401E-03    
             903     36.3721E-03     74.3388E-03    
             904     36.4245E-03     74.8374E-03    
             905     36.4770E-03     75.3361E-03    
             906     36.5294E-03     75.8348E-03    
             907     36.5817E-03     76.3333E-03    
             908     36.6340E-03     76.8320E-03    
             909     36.6864E-03     77.3307E-03    
             910     36.7388E-03     77.8294E-03    
             911     36.7911E-03     78.3281E-03    
             912     36.8434E-03     78.8267E-03    
             913     36.8957E-03     79.3253E-03    
             914     36.9481E-03     79.8239E-03    
             915     37.0005E-03     80.3226E-03    
             916     37.0529E-03     80.8213E-03    
             917     37.1052E-03     81.3199E-03    
             918     37.1576E-03     81.8185E-03    
             919     37.2098E-03     82.3172E-03    
             920     37.2622E-03     82.8158E-03    
             921     37.3145E-03     83.3145E-03    
             922     37.3668E-03     83.8131E-03    
             923     37.4191E-03     84.3118E-03    
             924     37.4714E-03     84.8105E-03    
             925     37.5237E-03     85.3091E-03    
             926     37.5760E-03     85.8077E-03    
             927     37.6283E-03     86.3064E-03    
             928     37.6806E-03     86.8051E-03    
             929     37.7329E-03     87.3037E-03    
             930     37.7853E-03     87.8024E-03    
             931     37.8376E-03     88.3010E-03    
             932     37.8899E-03     88.7996E-03    
             933     37.9422E-03     89.2982E-03    
             934     37.9945E-03     89.7970E-03    
             935     38.0469E-03     90.2957E-03    
             936     38.0992E-03     90.7943E-03    
             937     38.1516E-03     91.2929E-03    
             938     38.2039E-03     91.7915E-03    
             939     38.2563E-03     92.2901E-03    
             940     38.3087E-03     92.7887E-03    
             941     38.3610E-03     93.2875E-03    
             942     38.4134E-03     93.7861E-03    
             943     38.4657E-03     94.2847E-03    
             944     38.5180E-03     94.7834E-03    
             945     38.5703E-03     95.2820E-03    
             946     38.6227E-03     95.7808E-03    
             947     38.6751E-03     96.2794E-03    
             948     38.7275E-03     96.7780E-03    
             949     38.7800E-03     97.2767E-03    
             950     38.8325E-03     97.7753E-03    
             951     38.8854E-03     98.2739E-03    
             952     38.9391E-03     98.7723E-03    
             953     38.9904E-03     99.2730E-03    
             954     39.0604E-03     99.7623E-03    
            1336     30.9437E-03     25.8294E-03    
            1337     30.7813E-03     25.1957E-03    
            1338     30.6046E-03     24.5666E-03    
            1339     30.4138E-03     23.9423E-03    
            1340     30.2087E-03     23.3234E-03    
            1341     29.9896E-03     22.7101E-03    
            1342     29.7567E-03     22.1028E-03    
            1343     29.5098E-03     21.5019E-03    
            1344     29.2494E-03     20.9076E-03    
            1345     28.9757E-03     20.3202E-03    
            1346     28.6889E-03     19.7402E-03    
            1347     28.3891E-03     19.1680E-03    
            1348     28.0768E-03     18.6034E-03    
            1349     27.7523E-03     18.0472E-03    
            1350     27.4152E-03     17.4996E-03    
            1351     27.0662E-03     16.9606E-03    
            1352     26.7057E-03     16.4305E-03    
            1353     26.3338E-03     15.9097E-03    
            1354     25.9513E-03     15.3982E-03    
            1355     25.5578E-03     14.8966E-03    
            1356     25.1533E-03     14.4053E-03    
            1357     24.7386E-03     13.9232E-03    
            1358     24.3149E-03     13.4503E-03    
            1359     23.8825E-03     12.9876E-03    
            1360     23.4412E-03     12.5354E-03    
            1361     22.8769E-03     11.9854E-03    
            1362     22.9907E-03     12.0942E-03    
            1363     23.1045E-03     12.2031E-03    
            1393     22.5307E-03     11.6645E-03    
            1394     22.0619E-03     11.2450E-03    
            1395     21.5860E-03     10.8340E-03    
            1396     21.1044E-03     10.4327E-03    
            1397     20.6160E-03     10.0437E-03    
            1398     20.1515E-03     9.69099E-03    
            1399     19.7133E-03     9.37128E-03    
            1400     19.2694E-03     9.06048E-03    
            1401     18.8201E-03     8.75709E-03    
            1402     18.3675E-03     8.45904E-03    
            1403     17.9120E-03     8.16778E-03    
            1404     17.4532E-03     7.88381E-03    
            1405     16.9908E-03     7.60798E-03    
            1406     16.5245E-03     7.34046E-03    
            1407     16.0542E-03     7.08173E-03    
            1408     15.5798E-03     6.83184E-03    
            1409     15.1014E-03     6.58988E-03    
            1410     14.6195E-03     6.35504E-03    
            1411     14.1345E-03     6.12735E-03    
            1412     13.6469E-03     5.90693E-03    
            1413     13.1565E-03     5.69361E-03    
            1414     12.6635E-03     5.48758E-03    
            1415     12.1681E-03     5.28893E-03    
            1416     11.6701E-03     5.09751E-03    
            1417     11.1699E-03     4.91374E-03    
            1418     10.6674E-03     4.73780E-03    
            1419     10.1623E-03     4.56920E-03    
            1420     9.65519E-03     4.40812E-03    
            1421     9.14604E-03     4.25480E-03    
            1422     8.63474E-03     4.10907E-03    
            1423     8.12158E-03     3.97112E-03    
            1424     7.60667E-03     3.84121E-03    
            1425     7.09001E-03     3.71955E-03    
            1426     6.57179E-03     3.60653E-03    
            1427     6.05203E-03     3.50266E-03    
            1428     5.53095E-03     3.40840E-03    
            1429     5.00896E-03     3.32444E-03    
            1430     4.48646E-03     3.25159E-03    
            1431     3.96436E-03     3.19115E-03    
            1432     3.44335E-03     3.14476E-03    
            1433     2.92363E-03     3.11378E-03    
            1434     2.40614E-03     3.09857E-03    
            1435     1.89149E-03     3.09917E-03    
            1436     1.36969E-03     3.11225E-03    
            1437     825.800E-06     3.12564E-03    
            1438     273.525E-06     3.13046E-03    
